    x       exp(x)      err1          err2          err3          err4
 -1.000     0.368     3.679e-01    -1.321e-01     3.455e-02    -7.121e-03
 -0.900     0.407     3.066e-01    -9.843e-02     2.307e-02    -4.268e-03
 -0.800     0.449     2.493e-01    -7.067e-02     1.466e-02    -2.404e-03
 -0.700     0.497     1.966e-01    -4.841e-02     8.752e-03    -1.252e-03
 -0.600     0.549     1.488e-01    -3.119e-02     4.812e-03    -5.884e-04
 -0.500     0.607     1.065e-01    -1.847e-02     2.364e-03    -2.402e-04
 -0.400     0.670     7.032e-02    -9.680e-03     9.867e-04    -7.995e-05
 -0.300     0.741     4.082e-02    -4.182e-03     3.182e-04    -1.928e-05
 -0.200     0.819     1.873e-02    -1.269e-03     6.409e-05    -2.580e-06
 -0.100     0.905     4.837e-03    -1.626e-04     4.085e-06    -8.196e-08
  0.000     1.000     0.000e+00     0.000e+00     0.000e+00     0.000e+00
  0.100     1.105     5.171e-03     1.709e-04     4.251e-06     8.474e-08
  0.200     1.221     2.140e-02     1.403e-03     6.942e-05     2.758e-06
  0.300     1.350     4.986e-02     4.859e-03     3.588e-04     2.131e-05
  0.400     1.492     9.182e-02     1.182e-02     1.158e-03     9.136e-05
  0.500     1.649     1.487e-01     2.372e-02     2.888e-03     2.838e-04
  0.600     1.822     2.221e-01     4.212e-02     6.119e-03     7.188e-04
  0.700     2.014     3.138e-01     6.875e-02     1.159e-02     1.582e-03
  0.800     2.226     4.255e-01     1.055e-01     2.021e-02     3.141e-03
  0.900     2.460     5.596e-01     1.546e-01     3.310e-02     5.766e-03
  1.000     2.718     7.183e-01     2.183e-01     5.162e-02     9.948e-03
    x       exp(x)      err1          err2          err3          err4
 -1.000     0.368     3.679e-01    -1.321e-01     3.455e-02    -7.121e-03
 -0.900     0.407     3.066e-01    -9.843e-02     2.307e-02    -4.268e-03
 -0.800     0.449     2.493e-01    -7.067e-02     1.466e-02    -2.404e-03
 -0.700     0.497     1.966e-01    -4.841e-02     8.752e-03    -1.252e-03
 -0.600     0.549     1.488e-01    -3.119e-02     4.812e-03    -5.884e-04
 -0.500     0.607     1.065e-01    -1.847e-02     2.364e-03    -2.402e-04
 -0.400     0.670     7.032e-02    -9.680e-03     9.867e-04    -7.995e-05
 -0.300     0.741     4.082e-02    -4.182e-03     3.182e-04    -1.928e-05
 -0.200     0.819     1.873e-02    -1.269e-03     6.409e-05    -2.580e-06
 -0.100     0.905     4.837e-03    -1.626e-04     4.085e-06    -8.196e-08
  0.000     1.000     0.000e+00     0.000e+00     0.000e+00     0.000e+00
  0.100     1.105     5.171e-03     1.709e-04     4.251e-06     8.474e-08
  0.200     1.221     2.140e-02     1.403e-03     6.942e-05     2.758e-06
  0.300     1.350     4.986e-02     4.859e-03     3.588e-04     2.131e-05
  0.400     1.492     9.182e-02     1.182e-02     1.158e-03     9.136e-05
  0.500     1.649     1.487e-01     2.372e-02     2.888e-03     2.838e-04
  0.600     1.822     2.221e-01     4.212e-02     6.119e-03     7.188e-04
  0.700     2.014     3.138e-01     6.875e-02     1.159e-02     1.582e-03
  0.800     2.226     4.255e-01     1.055e-01     2.021e-02     3.141e-03
  0.900     2.460     5.596e-01     1.546e-01     3.310e-02     5.766e-03
  1.000     2.718     7.183e-01     2.183e-01     5.162e-02     9.948e-03
    x       exp(x)      err1          err2          err3          err4
 -1.000     0.368     1.213e-03    -2.311e-08     4.508e-14     0.000e+00
 -0.990     0.372     1.143e-03    -2.071e-08     3.841e-14     0.000e+00
 -0.980     0.375     1.077e-03    -1.854e-08     3.275e-14     1.110e-16
 -0.970     0.379     1.014e-03    -1.657e-08     2.776e-14     0.000e+00
 -0.960     0.383     9.542e-04    -1.480e-08     2.365e-14     0.000e+00
 -0.950     0.387     8.973e-04    -1.320e-08     1.998e-14    -1.110e-16
 -0.940     0.391     8.432e-04    -1.176e-08     1.682e-14    -5.551e-17
 -0.930     0.395     7.918e-04    -1.046e-08     1.421e-14     0.000e+00
 -0.920     0.399     7.430e-04    -9.295e-09     1.199e-14     0.000e+00
 -0.910     0.403     6.968e-04    -8.249e-09     1.010e-14     0.000e+00
 -0.900     0.407     6.529e-04    -7.310e-09     8.327e-15     0.000e+00
 -0.890     0.411     6.114e-04    -6.470e-09     6.994e-15    -1.110e-16
 -0.880     0.415     5.720e-04    -5.718e-09     5.829e-15     5.551e-17
 -0.870     0.419     5.348e-04    -5.047e-09     4.774e-15     0.000e+00
 -0.860     0.423     4.996e-04    -4.447e-09     4.052e-15    -5.551e-17
 -0.850     0.427     4.664e-04    -3.914e-09     3.331e-15     0.000e+00
 -0.840     0.432     4.350e-04    -3.439e-09     2.776e-15     0.000e+00
 -0.830     0.436     4.054e-04    -3.017e-09     2.331e-15     0.000e+00
 -0.820     0.440     3.774e-04    -2.642e-09     1.832e-15     5.551e-17
 -0.810     0.445     3.511e-04    -2.310e-09     1.554e-15     0.000e+00
 -0.800     0.449     3.263e-04    -2.017e-09     1.221e-15    -1.110e-16
 -0.790     0.454     3.030e-04    -1.758e-09     1.055e-15     5.551e-17
 -0.780     0.458     2.810e-04    -1.529e-09     8.882e-16     0.000e+00
 -0.770     0.463     2.605e-04    -1.328e-09     6.106e-16    -5.551e-17
 -0.760     0.468     2.411e-04    -1.151e-09     5.551e-16     0.000e+00
 -0.750     0.472     2.230e-04    -9.956e-10     4.441e-16     0.000e+00
 -0.740     0.477     2.060e-04    -8.596e-10     2.776e-16    -5.551e-17
 -0.730     0.482     1.901e-04    -7.407e-10     3.886e-16     5.551e-17
 -0.720     0.487     1.752e-04    -6.369e-10     2.776e-16     5.551e-17
 -0.710     0.492     1.614e-04    -5.465e-10     2.220e-16    -1.110e-16
 -0.700     0.497     1.484e-04    -4.679e-10     1.110e-16     1.110e-16
 -0.690     0.502     1.363e-04    -3.998e-10     1.110e-16     0.000e+00
 -0.680     0.507     1.250e-04    -3.407e-10     0.000e+00     0.000e+00
 -0.670     0.512     1.145e-04    -2.897e-10     1.110e-16     1.110e-16
 -0.660     0.517     1.048e-04    -2.457e-10     1.110e-16     0.000e+00
 -0.650     0.522     9.576e-05    -2.079e-10     0.000e+00     0.000e+00
 -0.640     0.527     8.737e-05    -1.755e-10     0.000e+00     0.000e+00
 -0.630     0.533     7.960e-05    -1.477e-10     1.110e-16     0.000e+00
 -0.620     0.538     7.241e-05    -1.239e-10     0.000e+00     0.000e+00
 -0.610     0.543     6.577e-05    -1.037e-10     1.110e-16     1.110e-16
 -0.600     0.549     5.964e-05    -8.654e-11     0.000e+00     0.000e+00
 -0.590     0.554     5.399e-05    -7.199e-11     0.000e+00     0.000e+00
 -0.580     0.560     4.879e-05    -5.970e-11     0.000e+00     0.000e+00
 -0.570     0.566     4.401e-05    -4.935e-11     1.110e-16     1.110e-16
 -0.560     0.571     3.963e-05    -4.065e-11     0.000e+00     0.000e+00
 -0.550     0.577     3.562e-05    -3.337e-11     0.000e+00     0.000e+00
 -0.540     0.583     3.195e-05    -2.729e-11     0.000e+00     0.000e+00
 -0.530     0.589     2.860e-05    -2.224e-11     0.000e+00     0.000e+00
 -0.520     0.595     2.554e-05    -1.805e-11     0.000e+00     0.000e+00
 -0.510     0.600     2.277e-05    -1.459e-11     0.000e+00     0.000e+00
 -0.500     0.607     2.024e-05    -1.174e-11     0.000e+00     0.000e+00
 -0.490     0.613     1.796e-05    -9.410e-12     0.000e+00     0.000e+00
 -0.480     0.619     1.589e-05    -7.506e-12    -1.110e-16    -1.110e-16
 -0.470     0.625     1.402e-05    -5.959e-12     0.000e+00     0.000e+00
 -0.460     0.631     1.234e-05    -4.708e-12     0.000e+00     0.000e+00
 -0.450     0.638     1.083e-05    -3.700e-12     1.110e-16     1.110e-16
 -0.440     0.644     9.478e-06    -2.892e-12     0.000e+00     0.000e+00
 -0.430     0.651     8.268e-06    -2.247e-12    -1.110e-16    -1.110e-16
 -0.420     0.657     7.189e-06    -1.736e-12     0.000e+00     0.000e+00
 -0.410     0.664     6.230e-06    -1.333e-12     0.000e+00     0.000e+00
 -0.400     0.670     5.379e-06    -1.017e-12     0.000e+00     0.000e+00
 -0.390     0.677     4.628e-06    -7.703e-13     0.000e+00     0.000e+00
 -0.380     0.684     3.965e-06    -5.793e-13     0.000e+00     0.000e+00
 -0.370     0.691     3.384e-06    -4.324e-13     0.000e+00     0.000e+00
 -0.360     0.698     2.875e-06    -3.202e-13     0.000e+00     0.000e+00
 -0.350     0.705     2.431e-06    -2.350e-13     0.000e+00     0.000e+00
 -0.340     0.712     2.046e-06    -1.710e-13     0.000e+00     0.000e+00
 -0.330     0.719     1.713e-06    -1.233e-13     0.000e+00     0.000e+00
 -0.320     0.726     1.426e-06    -8.793e-14     0.000e+00     0.000e+00
 -0.310     0.733     1.180e-06    -6.195e-14     0.000e+00     0.000e+00
 -0.300     0.741     9.707e-07    -4.330e-14     0.000e+00     0.000e+00
 -0.290     0.748     7.931e-07    -2.986e-14     0.000e+00     0.000e+00
 -0.280     0.756     6.434e-07    -2.032e-14     0.000e+00     0.000e+00
 -0.270     0.763     5.180e-07    -1.366e-14     0.000e+00     0.000e+00
 -0.260     0.771     4.136e-07    -9.104e-15     0.000e+00     0.000e+00
 -0.250     0.779     3.273e-07    -5.884e-15     0.000e+00     0.000e+00
 -0.240     0.787     2.566e-07    -3.775e-15     0.000e+00     0.000e+00
 -0.230     0.795     1.990e-07    -2.331e-15     0.000e+00     0.000e+00
 -0.220     0.803     1.527e-07    -1.443e-15     0.000e+00     0.000e+00
 -0.210     0.811     1.156e-07    -8.882e-16     0.000e+00     0.000e+00
 -0.200     0.819     8.641e-08    -4.441e-16     0.000e+00     0.000e+00
 -0.190     0.827     6.361e-08    -2.220e-16     0.000e+00     0.000e+00
 -0.180     0.835     4.605e-08    -1.110e-16     1.110e-16     1.110e-16
 -0.170     0.844     3.273e-08    -1.110e-16     0.000e+00     0.000e+00
 -0.160     0.852     2.278e-08     0.000e+00     0.000e+00     0.000e+00
 -0.150     0.861     1.549e-08     0.000e+00     0.000e+00     0.000e+00
 -0.140     0.869     1.025e-08     0.000e+00     0.000e+00     0.000e+00
 -0.130     0.878     6.581e-09     0.000e+00     0.000e+00     0.000e+00
 -0.120     0.887     4.077e-09     0.000e+00     0.000e+00     0.000e+00
 -0.110     0.896     2.422e-09     0.000e+00     0.000e+00     0.000e+00
 -0.100     0.905     1.369e-09     0.000e+00     0.000e+00     0.000e+00
 -0.090     0.914     7.287e-10     0.000e+00     0.000e+00     0.000e+00
 -0.080     0.923     3.600e-10     0.000e+00     0.000e+00     0.000e+00
 -0.070     0.932     1.618e-10     0.000e+00     0.000e+00     0.000e+00
 -0.060     0.942     6.425e-11     0.000e+00     0.000e+00     0.000e+00
 -0.050     0.951     2.155e-11     0.000e+00     0.000e+00     0.000e+00
 -0.040     0.961     5.657e-12     0.000e+00     0.000e+00     0.000e+00
 -0.030     0.970     1.008e-12     0.000e+00     0.000e+00     0.000e+00
 -0.020     0.980     8.860e-14     0.000e+00     0.000e+00     0.000e+00
 -0.010     0.990     1.332e-15     0.000e+00     0.000e+00     0.000e+00
  0.000     1.000     0.000e+00     0.000e+00     0.000e+00     0.000e+00
  0.010     1.010     1.554e-15     0.000e+00     0.000e+00     0.000e+00
  0.020     1.020     8.904e-14     0.000e+00     0.000e+00     0.000e+00
  0.030     1.030     1.017e-12     0.000e+00     0.000e+00     0.000e+00
  0.040     1.041     5.721e-12     0.000e+00     0.000e+00     0.000e+00
  0.050     1.051     2.186e-11     0.000e+00     0.000e+00     0.000e+00
  0.060     1.062     6.536e-11     0.000e+00     0.000e+00     0.000e+00
  0.070     1.073     1.650e-10     0.000e+00     0.000e+00     0.000e+00
  0.080     1.083     3.683e-10     0.000e+00     0.000e+00     0.000e+00
  0.090     1.094     7.477e-10     0.000e+00     0.000e+00     0.000e+00
  0.100     1.105     1.409e-09     0.000e+00     0.000e+00     0.000e+00
  0.110     1.116     2.500e-09     0.000e+00     0.000e+00     0.000e+00
  0.120     1.127     4.219e-09     0.000e+00     0.000e+00     0.000e+00
  0.130     1.139     6.830e-09     0.000e+00     0.000e+00     0.000e+00
  0.140     1.150     1.067e-08     0.000e+00     0.000e+00     0.000e+00
  0.150     1.162     1.617e-08     0.000e+00     0.000e+00     0.000e+00
  0.160     1.174     2.385e-08     0.000e+00     0.000e+00     0.000e+00
  0.170     1.185     3.436e-08     2.220e-16     0.000e+00     0.000e+00
  0.180     1.197     4.848e-08     2.220e-16     0.000e+00     0.000e+00
  0.190     1.209     6.716e-08     4.441e-16     0.000e+00     0.000e+00
  0.200     1.221     9.149e-08     6.661e-16     0.000e+00     0.000e+00
  0.210     1.234     1.228e-07     8.882e-16     0.000e+00     0.000e+00
  0.220     1.246     1.626e-07     1.554e-15     0.000e+00     0.000e+00
  0.230     1.259     2.126e-07     2.442e-15     0.000e+00     0.000e+00
  0.240     1.271     2.748e-07     3.997e-15     0.000e+00     0.000e+00
  0.250     1.284     3.516e-07     5.995e-15     0.000e+00     0.000e+00
  0.260     1.297     4.455e-07     9.548e-15     0.000e+00     0.000e+00
  0.270     1.310     5.596e-07     1.443e-14     0.000e+00     0.000e+00
  0.280     1.323     6.970e-07     2.132e-14     0.000e+00     0.000e+00
  0.290     1.336     8.617e-07     3.131e-14     0.000e+00     0.000e+00
  0.300     1.350     1.058e-06     4.552e-14     0.000e+00     0.000e+00
  0.310     1.363     1.289e-06     6.550e-14     0.000e+00     0.000e+00
  0.320     1.377     1.562e-06     9.281e-14     0.000e+00     0.000e+00
  0.330     1.391     1.882e-06     1.303e-13     0.000e+00     0.000e+00
  0.340     1.405     2.254e-06     1.810e-13     0.000e+00     0.000e+00
  0.350     1.419     2.687e-06     2.491e-13     0.000e+00     0.000e+00
  0.360     1.433     3.186e-06     3.402e-13     0.000e+00     0.000e+00
  0.370     1.448     3.761e-06     4.596e-13     0.000e+00     0.000e+00
  0.380     1.462     4.420e-06     6.171e-13     0.000e+00     0.000e+00
  0.390     1.477     5.173e-06     8.220e-13     0.000e+00     0.000e+00
  0.400     1.492     6.031e-06     1.087e-12     0.000e+00     0.000e+00
  0.410     1.507     7.005e-06     1.427e-12     0.000e+00     0.000e+00
  0.420     1.522     8.106e-06     1.862e-12     0.000e+00     0.000e+00
  0.430     1.537     9.349e-06     2.414e-12     0.000e+00     0.000e+00
  0.440     1.553     1.075e-05     3.112e-12     0.000e+00     0.000e+00
  0.450     1.568     1.232e-05     3.988e-12     0.000e+00     0.000e+00
  0.460     1.584     1.408e-05     5.083e-12     0.000e+00     0.000e+00
  0.470     1.600     1.604e-05     6.445e-12     0.000e+00     0.000e+00
  0.480     1.616     1.823e-05     8.131e-12     0.000e+00     0.000e+00
  0.490     1.632     2.066e-05     1.021e-11    -2.220e-16    -2.220e-16
  0.500     1.649     2.335e-05     1.276e-11     0.000e+00     0.000e+00
  0.510     1.665     2.634e-05     1.588e-11     0.000e+00     0.000e+00
  0.520     1.682     2.964e-05     1.968e-11     0.000e+00     0.000e+00
  0.530     1.699     3.328e-05     2.429e-11     0.000e+00     0.000e+00
  0.540     1.716     3.728e-05     2.986e-11     0.000e+00     0.000e+00
  0.550     1.733     4.169e-05     3.657e-11     0.000e+00    -2.220e-16
  0.560     1.751     4.652e-05     4.463e-11     0.000e+00     0.000e+00
  0.570     1.768     5.181e-05     5.427e-11     0.000e+00     0.000e+00
  0.580     1.786     5.759e-05     6.576e-11     0.000e+00     0.000e+00
  0.590     1.804     6.391e-05     7.944e-11     0.000e+00     0.000e+00
  0.600     1.822     7.080e-05     9.565e-11    -2.220e-16    -2.220e-16
  0.610     1.840     7.830e-05     1.148e-10     0.000e+00     0.000e+00
  0.620     1.859     8.646e-05     1.374e-10     0.000e+00     0.000e+00
  0.630     1.878     9.532e-05     1.640e-10     0.000e+00     0.000e+00
  0.640     1.896     1.049e-04     1.952e-10     0.000e+00     0.000e+00
  0.650     1.916     1.153e-04     2.317e-10     2.220e-16     2.220e-16
  0.660     1.935     1.266e-04     2.743e-10     2.220e-16     2.220e-16
  0.670     1.954     1.387e-04     3.240e-10     2.220e-16     0.000e+00
  0.680     1.974     1.519e-04     3.816e-10     2.220e-16     0.000e+00
  0.690     1.994     1.660e-04     4.485e-10     2.220e-16     0.000e+00
  0.700     2.014     1.813e-04     5.259e-10     4.441e-16     4.441e-16
  0.710     2.034     1.977e-04     6.152e-10     0.000e+00     0.000e+00
  0.720     2.054     2.153e-04     7.182e-10     0.000e+00     0.000e+00
  0.730     2.075     2.343e-04     8.366e-10     0.000e+00     0.000e+00
  0.740     2.096     2.546e-04     9.725e-10     0.000e+00     0.000e+00
  0.750     2.117     2.764e-04     1.128e-09     8.882e-16     0.000e+00
  0.760     2.138     2.997e-04     1.306e-09     4.441e-16     0.000e+00
  0.770     2.160     3.247e-04     1.510e-09     8.882e-16     0.000e+00
  0.780     2.181     3.513e-04     1.741e-09     8.882e-16    -4.441e-16
  0.790     2.203     3.798e-04     2.005e-09     1.332e-15     0.000e+00
  0.800     2.226     4.103e-04     2.305e-09     1.332e-15     4.441e-16
  0.810     2.248     4.427e-04     2.645e-09     1.776e-15     4.441e-16
  0.820     2.270     4.773e-04     3.029e-09     2.665e-15     0.000e+00
  0.830     2.293     5.141e-04     3.465e-09     2.220e-15     0.000e+00
  0.840     2.316     5.532e-04     3.956e-09     3.109e-15    -4.441e-16
  0.850     2.340     5.949e-04     4.510e-09     3.997e-15     0.000e+00
  0.860     2.363     6.391e-04     5.134e-09     4.441e-15     0.000e+00
  0.870     2.387     6.861e-04     5.835e-09     5.329e-15     0.000e+00
  0.880     2.411     7.360e-04     6.623e-09     6.217e-15     0.000e+00
  0.890     2.435     7.888e-04     7.506e-09     7.994e-15     0.000e+00
  0.900     2.460     8.449e-04     8.495e-09     9.770e-15     0.000e+00
  0.910     2.484     9.042e-04     9.601e-09     1.155e-14     4.441e-16
  0.920     2.509     9.670e-04     1.084e-08     1.332e-14     0.000e+00
  0.930     2.535     1.033e-03     1.222e-08     1.599e-14     0.000e+00
  0.940     2.560     1.104e-03     1.375e-08     1.865e-14     0.000e+00
  0.950     2.586     1.178e-03     1.547e-08     2.220e-14     0.000e+00
  0.960     2.612     1.256e-03     1.737e-08     2.665e-14     0.000e+00
  0.970     2.638     1.339e-03     1.948e-08     3.153e-14     0.000e+00
  0.980     2.664     1.426e-03     2.183e-08     3.686e-14     0.000e+00
  0.990     2.691     1.518e-03     2.443e-08     4.352e-14     0.000e+00
  1.000     2.718     1.615e-03     2.731e-08     5.107e-14     4.441e-16
    x       exp(x)      err1          err2          err3          err4
 -1.000     0.368     3.679e-01    -1.321e-01     3.455e-02    -7.121e-03
 -0.900     0.407     3.066e-01    -9.843e-02     2.307e-02    -4.268e-03
 -0.800     0.449     2.493e-01    -7.067e-02     1.466e-02    -2.404e-03
 -0.700     0.497     1.966e-01    -4.841e-02     8.752e-03    -1.252e-03
 -0.600     0.549     1.488e-01    -3.119e-02     4.812e-03    -5.884e-04
 -0.500     0.607     1.065e-01    -1.847e-02     2.364e-03    -2.402e-04
 -0.400     0.670     7.032e-02    -9.680e-03     9.867e-04    -7.995e-05
 -0.300     0.741     4.082e-02    -4.182e-03     3.182e-04    -1.928e-05
 -0.200     0.819     1.873e-02    -1.269e-03     6.409e-05    -2.580e-06
 -0.100     0.905     4.837e-03    -1.626e-04     4.085e-06    -8.196e-08
  0.000     1.000     0.000e+00     0.000e+00     0.000e+00     0.000e+00
  0.100     1.105     5.171e-03     1.709e-04     4.251e-06     8.474e-08
  0.200     1.221     2.140e-02     1.403e-03     6.942e-05     2.758e-06
  0.300     1.350     4.986e-02     4.859e-03     3.588e-04     2.131e-05
  0.400     1.492     9.182e-02     1.182e-02     1.158e-03     9.136e-05
  0.500     1.649     1.487e-01     2.372e-02     2.888e-03     2.838e-04
  0.600     1.822     2.221e-01     4.212e-02     6.119e-03     7.188e-04
  0.700     2.014     3.138e-01     6.875e-02     1.159e-02     1.582e-03
  0.800     2.226     4.255e-01     1.055e-01     2.021e-02     3.141e-03
  0.900     2.460     5.596e-01     1.546e-01     3.310e-02     5.766e-03
  1.000     2.718     7.183e-01     2.183e-01     5.162e-02     9.948e-03
    x       exp(x)      err1          err2          err3          err4
 -1.000     0.368     3.679e-01    -1.321e-01     3.455e-02    -7.121e-03
 -0.900     0.407     3.066e-01    -9.843e-02     2.307e-02    -4.268e-03
 -0.800     0.449     2.493e-01    -7.067e-02     1.466e-02    -2.404e-03
 -0.700     0.497     1.966e-01    -4.841e-02     8.752e-03    -1.252e-03
 -0.600     0.549     1.488e-01    -3.119e-02     4.812e-03    -5.884e-04
 -0.500     0.607     1.065e-01    -1.847e-02     2.364e-03    -2.402e-04
 -0.400     0.670     7.032e-02    -9.680e-03     9.867e-04    -7.995e-05
 -0.300     0.741     4.082e-02    -4.182e-03     3.182e-04    -1.928e-05
 -0.200     0.819     1.873e-02    -1.269e-03     6.409e-05    -2.580e-06
 -0.100     0.905     4.837e-03    -1.626e-04     4.085e-06    -8.196e-08
  0.000     1.000     0.000e+00     0.000e+00     0.000e+00     0.000e+00
  0.100     1.105     5.171e-03     1.709e-04     4.251e-06     8.474e-08
  0.200     1.221     2.140e-02     1.403e-03     6.942e-05     2.758e-06
  0.300     1.350     4.986e-02     4.859e-03     3.588e-04     2.131e-05
  0.400     1.492     9.182e-02     1.182e-02     1.158e-03     9.136e-05
  0.500     1.649     1.487e-01     2.372e-02     2.888e-03     2.838e-04
  0.600     1.822     2.221e-01     4.212e-02     6.119e-03     7.188e-04
  0.700     2.014     3.138e-01     6.875e-02     1.159e-02     1.582e-03
  0.800     2.226     4.255e-01     1.055e-01     2.021e-02     3.141e-03
  0.900     2.460     5.596e-01     1.546e-01     3.310e-02     5.766e-03
  1.000     2.718     7.183e-01     2.183e-01     5.162e-02     9.948e-03
    x       exp(x)      err1          err2          err3          err4
 -1.000     0.368     3.679e-01    -1.321e-01     3.455e-02    -7.121e-03
 -0.900     0.407     3.066e-01    -9.843e-02     2.307e-02    -4.268e-03
 -0.800     0.449     2.493e-01    -7.067e-02     1.466e-02    -2.404e-03
 -0.700     0.497     1.966e-01    -4.841e-02     8.752e-03    -1.252e-03
 -0.600     0.549     1.488e-01    -3.119e-02     4.812e-03    -5.884e-04
 -0.500     0.607     1.065e-01    -1.847e-02     2.364e-03    -2.402e-04
 -0.400     0.670     7.032e-02    -9.680e-03     9.867e-04    -7.995e-05
 -0.300     0.741     4.082e-02    -4.182e-03     3.182e-04    -1.928e-05
 -0.200     0.819     1.873e-02    -1.269e-03     6.409e-05    -2.580e-06
 -0.100     0.905     4.837e-03    -1.626e-04     4.085e-06    -8.196e-08
  0.000     1.000     0.000e+00     0.000e+00     0.000e+00     0.000e+00
  0.100     1.105     5.171e-03     1.709e-04     4.251e-06     8.474e-08
  0.200     1.221     2.140e-02     1.403e-03     6.942e-05     2.758e-06
  0.300     1.350     4.986e-02     4.859e-03     3.588e-04     2.131e-05
  0.400     1.492     9.182e-02     1.182e-02     1.158e-03     9.136e-05
  0.500     1.649     1.487e-01     2.372e-02     2.888e-03     2.838e-04
  0.600     1.822     2.221e-01     4.212e-02     6.119e-03     7.188e-04
  0.700     2.014     3.138e-01     6.875e-02     1.159e-02     1.582e-03
  0.800     2.226     4.255e-01     1.055e-01     2.021e-02     3.141e-03
  0.900     2.460     5.596e-01     1.546e-01     3.310e-02     5.766e-03
  1.000     2.718     7.183e-01     2.183e-01     5.162e-02     9.948e-03
